50
127
0 1 33
0 2 30
0 6 17
0 9 25
1 6 18
1 4 25
1 5 13
4 5 20
5 6 20
6 9 21
2 9 20
2 10 35
2 12 27
2 3 15
10 13 28
10 12 22
4 16 40
4 7 31
5 7 15
5 8 30
6 8 25
9 8 16
9 3 31
3 12 23
12 15 30
13 15 28
13 20 40
15 20 25
14 15 36
12 14 22
3 14 15
3 8 15
3 21 20
7 8 35
7 16 25
7 17 20
7 32 30
8 32 32
8 21 35
14 20 35
14 21 16
14 19 23
19 20 30
20 26 30
19 26 40
21 19 30
21 32 26
32 18 15
21 18 20
21 24 45
19 24 35
19 25 25
24 25 25
25 26 30
16 17 30
16 22 35
16 27 50
22 27 35
17 28 38
17 22 28
17 23 25
17 32 15
32 23 30
18 23 30
28 24 30
18 29 40
23 29 32
24 29 15
25 30 30
25 31 21
26 31 20
26 38 55
22 28 30
27 28 43
23 28 18
28 29 42
29 30 35
25 37 50
31 37 35
31 38 40
37 38 25
37 33 35
33 38 25
33 49 20
38 49 45
30 37 30
30 36 33
36 37 28
36 39 25
37 39 30
33 39 25
39 46 20
33 46 30
46 49 35
46 48 15
48 49 32
29 36 37
35 36 43
35 40 35
36 40 30
40 39 40
40 46 28
40 45 20
45 46 30
45 48 33
45 11 21
11 48 44
28 34 30
27 34 25
27 42 26
34 42 20
42 44 24
44 47 26
42 47 36
42 43 34
34 43 37
34 41 25
34 35 33
28 35 25
35 41 30
41 40 27
41 45 23
41 43 14
43 45 30
43 47 15
43 11 35
47 11 33
