50
145
0 7
0 34
1 14
1 21
1 22
1 22
1 45
1 49
2 19
2 25
2 25
2 33
3 4
3 17
3 27
3 36
3 42
4 17
4 27
4 17
4 27
6 13
6 13
6 28
6 28
7 41
7 44
8 19
8 48
9 11
9 30
9 46
10 0
10 7
10 34
10 28
10 28
10 28
10 41
10 29
10 29
11 21
11 30 
12 21
12 21
12 26
12 26
12 11
12 9
13 22
13 23
13 47
14 8 
14 48
14 21
15 49
15 34
15 8
16 9
17 24
17 38
17 20
18 28
18 6
18 32
18 42
19 40
19 15 
20 3
20 38
20 35
20 46
22 6
23 22 
23 21
23 11
24 5
24 43
24 38
24 4
25 34
26 16
26 9
26 48
27 5
27 32
27 31
27 42
27 24
28 29
28 22
28 39
28 44
29 22
29 49
30 23
30 37
31 18
31 32
32 6
32 13
32 47
32 37
32 5
33 19 
33 8
34 2 
34 19
34 40
34 29
35 9
35 46
36 20
36 42
37 35
37 35
37 47
37 47
37 9
37 5
38 37
38 35
39 18
39 42
40 15
41 28
41 44
42 31
43 37
43 38 
44 39
45 14 
45 14
45 8
45 15
45 49
46 16
47 23
47 30
48 33
48 33
48 21
48 12
49 34
49 22
